start=51.968583
speed=1.300000
volume=100.000000
fullscreen=yes
sid=no
