start=678.760000
speed=1.600000
volume=112.000000
fullscreen=yes
