start=4.166667
speed=1.200000
