start=0.925478
volume=108.000000
