start=134.200000
speed=1.400000
volume=92.000000
fullscreen=yes
