start=8.741618
pause=no
volume=38.000000
