start=266.300000
speed=2.000000
volume=88.000000
fullscreen=yes
