start=51.870706
volume=130.000000
