start=87.300000
volume=100.000000
