start=60.553058
pause=no
volume=46.000000
