start=130.000000
sub-scale=0.800000
