start=1113.625000
volume=142.000000
