start=438.033333
speed=1.700000
volume=84.000000
fullscreen=yes
sid=no
