start=21.009159
volume=56.000000
