start=2.250000
volume=102.000000
