start=519.708333
volume=88.000000
fullscreen=yes
