start=10954.443500
volume=58.000000
fullscreen=yes
