start=5443.871767
speed=1.200000
volume=86.000000
sid=no
