start=2165.596767
speed=1.400000
volume=82.000000
fullscreen=yes
sid=no
