start=50.253620
volume=82.000000
