start=8.379242
volume=100.000000
