start=79.160000
volume=54.000000
sid=no
