start=19.372645
volume=100.000000
