start=3.566941
volume=54.000000
