start=1342.300000
speed=1.100000
volume=122.000000
fullscreen=yes
sid=no
sub-pos=99
