start=32.108841
volume=112.000000
