start=2140.233333
speed=1.400000
volume=98.000000
sid=no
