start=839.000000
speed=1.750000
volume=106.000000
fullscreen=yes
sid=no
