start=24.452162
volume=136.000000
