start=62.792818
volume=52.000000
