start=77.994583
speed=1.000000
volume=64.000000
fullscreen=yes
sid=no
