start=250.400000
speed=2.100000
volume=84.000000
fullscreen=yes
sid=no
