start=270.000000
speed=1.250000
volume=92.000000
