start=408.541467
speed=1.600000
volume=64.000000
fullscreen=yes
sid=no
