start=10470.042917
speed=1.500000
volume=72.000000
fullscreen=yes
sid=1
