start=960.823600
volume=48.000000
sid=no
