start=243.960000
speed=1.300000
volume=60.000000
fullscreen=yes
sid=no
