start=6.846624
volume=108.000000
