start=0.000001
volume=78.000000
