start=14.904518
volume=102.000000
