start=281.040000
speed=1.600000
volume=100.000000
fullscreen=yes
sid=no
