start=8676.167500
volume=114.000000
fullscreen=yes
