start=6.500000
pause=no
volume=60.000000
