start=1997.078417
volume=88.000000
fullscreen=yes
sub-delay=1.710000
