start=78.235305
pause=no
volume=52.000000
