start=192.840000
pause=no
volume=32.000000
