start=333.166667
speed=1.600000
fullscreen=yes
