start=103.330867
pause=no
volume=74.000000
