start=9538.695833
volume=98.000000
sid=2
