start=22.197470
volume=104.000000
