start=1931.140818
volume=60.000000
sid=no
