start=2.047067
volume=128.000000
