start=337.680000
speed=2.050000
volume=64.000000
