start=1.448447
volume=112.000000
