start=488.738250
volume=130.000000
fullscreen=yes
