start=11.036695
volume=96.000000
