start=10.345741
volume=100.000000
