start=9421.703958
volume=98.000000
fullscreen=yes
