start=209.342467
speed=1.400000
fullscreen=yes
