start=698.823125
speed=1.600000
volume=86.000000
fullscreen=yes
sid=no
