start=28.940930
pause=no
volume=124.000000
