start=1630.462167
volume=60.000000
sid=no
