start=5.805800
volume=44.000000
