start=25.066667
speed=2.600000
volume=88.000000
fullscreen=yes
