start=161.400000
speed=1.400000
volume=106.000000
fullscreen=yes
