start=7020.263250
volume=0.000000
audio-delay=0.100000
sub-delay=0.100000
