start=3.666667
speed=1.300000
volume=54.000000
fullscreen=yes
sid=no
