start=166.566667
speed=1.850000
volume=56.000000
fullscreen=yes
