start=19.227542
speed=1.600000
