start=9.372502
speed=1.300000
pause=no
volume=78.000000
fullscreen=yes
