start=167.033890
speed=2.010000
pause=no
volume=60.000000
fullscreen=yes
