start=17.236011
volume=24.000000
