start=343.321000
volume=100.000000
fullscreen=yes
