start=1046.545500
volume=166.000000
