start=22241.500000
speed=1.250000
volume=98.000000
sid=no
