start=347.733333
speed=1.400000
volume=82.000000
fullscreen=yes
