start=123.175830
pause=no
volume=104.000000
