start=177.300000
speed=2.000000
volume=90.000000
fullscreen=yes
