start=16.200000
pause=no
volume=90.000000
