start=38.757188
volume=120.000000
