start=51.433333
speed=1.300000
volume=106.000000
sub-scale=0.700000
