start=2811.108300
speed=1.400000
volume=82.000000
sid=no
