start=9.289412
volume=118.000000
