start=33.562084
volume=108.000000
