start=0.701681
volume=122.000000
