start=311.640000
speed=1.200000
pause=no
volume=40.000000
sid=no
