start=2.533333
speed=2.000000
volume=94.000000
sid=1
