start=21.582761
pause=no
volume=106.000000
