start=94.166667
speed=2.000000
volume=92.000000
fullscreen=yes
sid=no
